
Here is the data in its original order:

  49  17  56  85  12  97  33  71  19  62  38  84  51  29  77  65  44  99   4  47  67  41  23  88  73   8 100  25  91  58  59  22  15  35  95  60  20   7  50  10

**************************

The user entered 3 for Insertion Sort.

Insertion Sort Pass 1:
  17  49  56  85  12  97  33  71  19  62  38  84  51  29  77  65  44  99   4  47  67  41  23  88  73   8 100  25  91  58  59  22  15  35  95  60  20   7  50  10

Insertion Sort Pass 2:
  17  49  56  85  12  97  33  71  19  62  38  84  51  29  77  65  44  99   4  47  67  41  23  88  73   8 100  25  91  58  59  22  15  35  95  60  20   7  50  10

Insertion Sort Pass 3:
  17  49  56  85  12  97  33  71  19  62  38  84  51  29  77  65  44  99   4  47  67  41  23  88  73   8 100  25  91  58  59  22  15  35  95  60  20   7  50  10

Insertion Sort Pass 4:
  12  17  49  56  85  97  33  71  19  62  38  84  51  29  77  65  44  99   4  47  67  41  23  88  73   8 100  25  91  58  59  22  15  35  95  60  20   7  50  10

Insertion Sort Pass 5:
  12  17  49  56  85  97  33  71  19  62  38  84  51  29  77  65  44  99   4  47  67  41  23  88  73   8 100  25  91  58  59  22  15  35  95  60  20   7  50  10

Insertion Sort Pass 6:
  12  17  33  49  56  85  97  71  19  62  38  84  51  29  77  65  44  99   4  47  67  41  23  88  73   8 100  25  91  58  59  22  15  35  95  60  20   7  50  10

Insertion Sort Pass 7:
  12  17  33  49  56  71  85  97  19  62  38  84  51  29  77  65  44  99   4  47  67  41  23  88  73   8 100  25  91  58  59  22  15  35  95  60  20   7  50  10

Insertion Sort Pass 8:
  12  17  19  33  49  56  71  85  97  62  38  84  51  29  77  65  44  99   4  47  67  41  23  88  73   8 100  25  91  58  59  22  15  35  95  60  20   7  50  10

Insertion Sort Pass 9:
  12  17  19  33  49  56  62  71  85  97  38  84  51  29  77  65  44  99   4  47  67  41  23  88  73   8 100  25  91  58  59  22  15  35  95  60  20   7  50  10

Insertion Sort Pass 10:
  12  17  19  33  38  49  56  62  71  85  97  84  51  29  77  65  44  99   4  47  67  41  23  88  73   8 100  25  91  58  59  22  15  35  95  60  20   7  50  10

Insertion Sort Pass 11:
  12  17  19  33  38  49  56  62  71  84  85  97  51  29  77  65  44  99   4  47  67  41  23  88  73   8 100  25  91  58  59  22  15  35  95  60  20   7  50  10

Insertion Sort Pass 12:
  12  17  19  33  38  49  51  56  62  71  84  85  97  29  77  65  44  99   4  47  67  41  23  88  73   8 100  25  91  58  59  22  15  35  95  60  20   7  50  10

Insertion Sort Pass 13:
  12  17  19  29  33  38  49  51  56  62  71  84  85  97  77  65  44  99   4  47  67  41  23  88  73   8 100  25  91  58  59  22  15  35  95  60  20   7  50  10

Insertion Sort Pass 14:
  12  17  19  29  33  38  49  51  56  62  71  77  84  85  97  65  44  99   4  47  67  41  23  88  73   8 100  25  91  58  59  22  15  35  95  60  20   7  50  10

Insertion Sort Pass 15:
  12  17  19  29  33  38  49  51  56  62  65  71  77  84  85  97  44  99   4  47  67  41  23  88  73   8 100  25  91  58  59  22  15  35  95  60  20   7  50  10

Insertion Sort Pass 16:
  12  17  19  29  33  38  44  49  51  56  62  65  71  77  84  85  97  99   4  47  67  41  23  88  73   8 100  25  91  58  59  22  15  35  95  60  20   7  50  10

Insertion Sort Pass 17:
  12  17  19  29  33  38  44  49  51  56  62  65  71  77  84  85  97  99   4  47  67  41  23  88  73   8 100  25  91  58  59  22  15  35  95  60  20   7  50  10

Insertion Sort Pass 18:
   4  12  17  19  29  33  38  44  49  51  56  62  65  71  77  84  85  97  99  47  67  41  23  88  73   8 100  25  91  58  59  22  15  35  95  60  20   7  50  10

Insertion Sort Pass 19:
   4  12  17  19  29  33  38  44  47  49  51  56  62  65  71  77  84  85  97  99  67  41  23  88  73   8 100  25  91  58  59  22  15  35  95  60  20   7  50  10

Insertion Sort Pass 20:
   4  12  17  19  29  33  38  44  47  49  51  56  62  65  67  71  77  84  85  97  99  41  23  88  73   8 100  25  91  58  59  22  15  35  95  60  20   7  50  10

Insertion Sort Pass 21:
   4  12  17  19  29  33  38  41  44  47  49  51  56  62  65  67  71  77  84  85  97  99  23  88  73   8 100  25  91  58  59  22  15  35  95  60  20   7  50  10

Insertion Sort Pass 22:
   4  12  17  19  23  29  33  38  41  44  47  49  51  56  62  65  67  71  77  84  85  97  99  88  73   8 100  25  91  58  59  22  15  35  95  60  20   7  50  10

Insertion Sort Pass 23:
   4  12  17  19  23  29  33  38  41  44  47  49  51  56  62  65  67  71  77  84  85  88  97  99  73   8 100  25  91  58  59  22  15  35  95  60  20   7  50  10

Insertion Sort Pass 24:
   4  12  17  19  23  29  33  38  41  44  47  49  51  56  62  65  67  71  73  77  84  85  88  97  99   8 100  25  91  58  59  22  15  35  95  60  20   7  50  10

Insertion Sort Pass 25:
   4   8  12  17  19  23  29  33  38  41  44  47  49  51  56  62  65  67  71  73  77  84  85  88  97  99 100  25  91  58  59  22  15  35  95  60  20   7  50  10

Insertion Sort Pass 26:
   4   8  12  17  19  23  29  33  38  41  44  47  49  51  56  62  65  67  71  73  77  84  85  88  97  99 100  25  91  58  59  22  15  35  95  60  20   7  50  10

Insertion Sort Pass 27:
   4   8  12  17  19  23  25  29  33  38  41  44  47  49  51  56  62  65  67  71  73  77  84  85  88  97  99 100  91  58  59  22  15  35  95  60  20   7  50  10

Insertion Sort Pass 28:
   4   8  12  17  19  23  25  29  33  38  41  44  47  49  51  56  62  65  67  71  73  77  84  85  88  91  97  99 100  58  59  22  15  35  95  60  20   7  50  10

Insertion Sort Pass 29:
   4   8  12  17  19  23  25  29  33  38  41  44  47  49  51  56  58  62  65  67  71  73  77  84  85  88  91  97  99 100  59  22  15  35  95  60  20   7  50  10

Insertion Sort Pass 30:
   4   8  12  17  19  23  25  29  33  38  41  44  47  49  51  56  58  59  62  65  67  71  73  77  84  85  88  91  97  99 100  22  15  35  95  60  20   7  50  10

Insertion Sort Pass 31:
   4   8  12  17  19  22  23  25  29  33  38  41  44  47  49  51  56  58  59  62  65  67  71  73  77  84  85  88  91  97  99 100  15  35  95  60  20   7  50  10

Insertion Sort Pass 32:
   4   8  12  15  17  19  22  23  25  29  33  38  41  44  47  49  51  56  58  59  62  65  67  71  73  77  84  85  88  91  97  99 100  35  95  60  20   7  50  10

Insertion Sort Pass 33:
   4   8  12  15  17  19  22  23  25  29  33  35  38  41  44  47  49  51  56  58  59  62  65  67  71  73  77  84  85  88  91  97  99 100  95  60  20   7  50  10

Insertion Sort Pass 34:
   4   8  12  15  17  19  22  23  25  29  33  35  38  41  44  47  49  51  56  58  59  62  65  67  71  73  77  84  85  88  91  95  97  99 100  60  20   7  50  10

Insertion Sort Pass 35:
   4   8  12  15  17  19  22  23  25  29  33  35  38  41  44  47  49  51  56  58  59  60  62  65  67  71  73  77  84  85  88  91  95  97  99 100  20   7  50  10

Insertion Sort Pass 36:
   4   8  12  15  17  19  20  22  23  25  29  33  35  38  41  44  47  49  51  56  58  59  60  62  65  67  71  73  77  84  85  88  91  95  97  99 100   7  50  10

Insertion Sort Pass 37:
   4   7   8  12  15  17  19  20  22  23  25  29  33  35  38  41  44  47  49  51  56  58  59  60  62  65  67  71  73  77  84  85  88  91  95  97  99 100  50  10

Insertion Sort Pass 38:
   4   7   8  12  15  17  19  20  22  23  25  29  33  35  38  41  44  47  49  50  51  56  58  59  60  62  65  67  71  73  77  84  85  88  91  95  97  99 100  10

Insertion Sort Pass 39:
   4   7   8  10  12  15  17  19  20  22  23  25  29  33  35  38  41  44  47  49  50  51  56  58  59  60  62  65  67  71  73  77  84  85  88  91  95  97  99 100

*****************************

Insertion Sort has completed. Here is the data in ascending order:

   4   7   8  10  12  15  17  19  20  22  23  25  29  33  35  38  41  44  47  49  50  51  56  58  59  60  62  65  67  71  73  77  84  85  88  91  95  97  99 100

*************************

The user entered 7 for Merge Sort.

After Merge Sort Pass 1:
  17  49  56  85  12  97  33  71  19  62  38  84  29  51  65  77  44  99   4  47  41  67  23  88   8  73  25 100  58  91  22  59  15  35  60  95   7  20  10  50

After Merge Sort Pass 2:
  17  49  56  85  12  33  71  97  19  38  62  84  29  51  65  77   4  44  47  99  23  41  67  88   8  25  73 100  22  58  59  91  15  35  60  95   7  10  20  50

After Merge Sort Pass 3:
  12  17  33  49  56  71  85  97  19  29  38  51  62  65  77  84   4  23  41  44  47  67  88  99   8  22  25  58  59  73  91 100   7  10  15  20  35  50  60  95

After Merge Sort Pass 4:
  12  17  19  29  33  38  49  51  56  62  65  71  77  84  85  97   4   8  22  23  25  41  44  47  58  59  67  73  88  91  99 100   7  10  15  20  35  50  60  95

After Merge Sort Pass 5:
   4   8  12  17  19  22  23  25  29  33  38  41  44  47  49  51  56  58  59  62  65  67  71  73  77  84  85  88  91  97  99 100   7  10  15  20  35  50  60  95

After Merge Sort Pass 6:
   4   7   8  10  12  15  17  19  20  22  23  25  29  33  35  38  41  44  47  49  50  51  56  58  59  60  62  65  67  71  73  77  84  85  88  91  95  97  99 100

*************************

Merge Sort has completed. Here is the data in ascending order:

   4   7   8  10  12  15  17  19  20  22  23  25  29  33  35  38  41  44  47  49  50  51  56  58  59  60  62  65  67  71  73  77  84  85  88  91  95  97  99 100

*************************

The user chose to quit the program.

*************************
